00000000000000000000000000000000000000000000000000000000000000000000
00000000000000000000000000000000000000000000000000000000000000000000
00000000000000000000000000000000000000000000000000000000000000000000
00000000000000000000000000000000000000000000000000000000000000000000
00000000000000000000011111001111100001000010001000000000000000000000
00000000000000000000000100001000000010100011011000000000000000000000
00000000000000000000000100001111100111110010101000000000000000000000
00000000000000000000000100001000000100010010001000000000000000000000
00000000000000000000000100001111100100010010001000000000000000000000
00000000000000000000000000000000000000000000000000000000000000000000
00000000000000000000000000000000000000000000000000000000000000000000
00000000111100111110010001001000100001000010001000010000001000000000
00000001000000100010011001001000100010100001010000010000001000000000
00000001000000100010010101001010100111110000100000010000001000000000
00000001000000100010010011001010100100010000100000000000000000000000
00000000111100111110010001000101000100010000100000010000001000000000
00000000000000000000000000000000000000000000000000000000000000000000
00000000000000000000000000000000000000000000000000000000000000000000
00000000000000000000000000000000000000000000000000000000000000000000
00000000000000000000000000000000000000000000000000000000000000000000